0.061343 1.000000
0.119279 1.019853
0.178918 1.040100
0.236854 1.060749
0.294789 1.081808
0.354429 1.103285
0.417476 1.125188
0.480523 1.147527
0.552091 1.170308
0.625362 1.193542
0.691817 1.217238
0.753161 1.241403
0.826432 1.266049
0.892888 1.291184
0.964455 1.316817
1.034318 1.342960
1.107589 1.369622
1.165525 1.396813
1.237092 1.424543
1.300140 1.452825
1.378523 1.481668
1.450090 1.511083
1.530177 1.541082
1.608561 1.571677
1.686944 1.602880
1.767031 1.634701
1.853935 1.667155
1.945950 1.700253
2.027741 1.734008
2.114644 1.768433
2.206659 1.803541
2.286746 1.839347
2.375354 1.875863
2.465665 1.913105
2.559384 1.951085
2.647991 1.989820
2.740006 2.029324
2.823501 2.069612
2.905293 2.110700
3.002420 2.152603
3.097843 2.195338
3.189858 2.238922
3.293801 2.283371
3.402856 2.328703
3.508503 2.374935
3.605630 2.422084
3.714685 2.470169
3.822036 2.519209
3.932795 2.569223
4.046962 2.620229
4.159425 2.672249
4.273592 2.725301
4.389462 2.779406
4.496814 2.834585
4.612685 2.890860
4.728555 2.948252
4.847834 3.006783
4.975633 3.066477
5.100024 3.127355
5.217599 3.189442
5.343694 3.252762
5.476604 3.317339
5.606107 3.383197
5.737314 3.450364
5.888968 3.518863
6.032103 3.588723
6.159902 3.659970
6.294517 3.732631
6.429132 3.806734
6.572266 3.882309
6.717104 3.959384
6.851719 4.037990
6.994854 4.118155
7.149916 4.199913
7.303275 4.283293
7.458337 4.368329
7.627032 4.455053
7.773574 4.543499
7.937157 4.633700
8.099035 4.725693
8.266026 4.819511
8.441536 4.915193
8.627271 5.012774
8.809597 5.112292
8.985107 5.213786
9.157209 5.317295
9.336128 5.422858
9.494598 5.530518
9.670109 5.640315
9.857548 5.752291
10.036466 5.866491
10.217088 5.982958
10.402822 6.101737
10.597076 6.222874
10.798146 6.346416
11.007736 6.472411
11.210510 6.600907
11.413284 6.731954
11.621170 6.865603
11.835873 7.001905
12.048870 7.140913
12.260164 7.282681
12.471458 7.427264
12.686160 7.574717
12.899158 7.725097
13.125788 7.878462
13.354122 8.034873
13.580751 8.194388
13.815902 8.357071
14.045938 8.522983
14.282793 8.692189
14.511127 8.864754
14.746277 9.040745
14.981426 9.220230
15.225096 9.403278
15.475581 9.589961
15.729475 9.780350
15.986776 9.974518
16.242374 10.172541
16.489452 10.374496
16.758682 10.580460
17.033022 10.790512
17.314180 11.004735
17.586819 11.223211
17.867975 11.446025
18.155949 11.673262
18.450739 11.905009
18.747231 12.141358
19.042019 12.382400
19.329994 12.628226
19.621376 12.878934
19.921276 13.134618
20.233105 13.395378
20.533007 13.661315
20.848244 13.932532
21.160072 14.209133
21.477015 14.491226
21.802475 14.778919
22.134750 15.072324
22.465324 15.371552
22.785673 15.676723
23.114542 15.987951
23.458746 16.305359
23.808064 16.629066
24.136932 16.959202
24.496473 17.295893
24.852606 17.639265
25.207033 17.989456
25.581911 18.346600
25.955084 18.710833
26.318031 19.082296
26.696316 19.461136
27.062672 19.847496
27.440956 20.241528
27.832874 20.643379
28.221380 21.053211
28.611595 21.471178
29.008621 21.897444
29.415876 22.332172
29.816311 22.775530
30.237194 23.227690
30.652967 23.688828
31.075556 24.159121
31.481102 24.638748
31.917322 25.127899
32.363766 25.626760
32.813618 26.135527
33.271988 26.654392
33.723545 27.183559
34.185326 27.723232
34.650513 28.273619
35.115700 28.834932
35.592815 29.407391
36.073338 29.991213
36.545341 30.586626
37.039497 31.193859
37.518318 31.813147
38.007362 32.444733
38.499813 33.088852
38.992264 33.745762
39.518795 34.415714
40.029991 35.098965
40.549706 35.795784
41.079643 36.506432
41.607880 37.231194
42.125889 37.970341
42.657532 38.724159
43.189178 39.492947
43.722523 40.276997
44.259277 41.076614
44.828407 41.892105
45.380501 42.723782
45.944519 43.571976
46.501720 44.437004
47.084484 45.319210
47.660431 46.218925
48.248306 47.136505
48.846401 48.072304
49.418941 49.026676
50.000000 50.000000
