1.986116 2.179982
2.000000 1.693104
2.013981 1.886969
2.028060 1.796609
2.042238 2.035763
2.056514 1.774426
2.070890 2.026184
2.085367 1.782039
2.099945 2.296233
2.114625 2.141156
2.129408 2.101657
2.144294 1.947836
2.159284 2.090398
2.174378 2.665352
2.189579 2.636791
2.204885 2.154146
2.220299 2.215896
2.235820 2.179626
2.251450 2.074029
2.267189 2.431060
2.283038 2.516860
2.298998 2.301938
2.315069 2.627510
2.331253 2.238767
2.347550 2.428174
2.363961 2.241519
2.380486 2.469934
2.397127 2.293375
2.413885 2.162707
2.430759 2.874605
2.447752 2.217967
2.464863 2.575320
2.482094 2.486682
2.499445 2.289669
2.516918 2.751757
2.534513 2.657413
2.552231 2.598162
2.570072 2.651532
2.588039 2.659740
2.606131 2.667753
2.624349 2.883458
2.642695 2.847121
2.661169 2.503680
2.679773 2.255444
2.698506 2.783227
2.717370 2.999271
2.736366 2.714279
2.755495 2.691694
2.774758 2.553166
2.794155 2.748595
2.813688 3.148479
2.833357 3.006095
2.853164 2.712571
2.873110 2.657516
2.893194 3.233662
2.913420 2.806974
2.933786 3.177479
2.954295 2.942440
2.974948 3.404450
2.995744 2.998663
3.016687 3.193294
3.037775 3.139103
3.059011 3.441585
3.080395 3.249609
3.101929 3.379336
3.123614 3.316721
3.145450 3.034383
3.167439 3.443939
3.189581 3.203574
3.211878 3.570774
3.234331 3.431426
3.256941 2.880749
3.279709 3.045663
3.302636 3.673386
3.325724 3.151892
3.348973 3.037867
3.372384 3.434611
3.395959 3.817861
3.419699 3.411818
3.443605 3.430582
3.467678 3.693146
3.491919 2.993611
3.516330 3.428432
3.540911 3.248429
3.565664 3.370825
3.590590 3.862305
3.615691 3.720850
3.640967 3.576395
3.666420 4.060826
3.692050 3.443579
3.717860 3.627993
3.743850 4.210975
3.770022 3.938121
3.796377 3.446238
3.822916 4.056176
3.849640 3.966261
3.876552 3.645635
3.903651 3.636400
3.930940 4.056043
3.958420 3.751122
3.986092 3.914233
4.013957 4.027454
4.042017 4.222147
4.070273 4.045616
4.098727 3.842499
4.127379 4.346452
4.156232 4.277221
4.185287 4.340963
4.214545 4.450236
4.244007 4.293826
4.273675 4.551188
4.303551 3.963678
4.333636 4.034283
4.363931 4.513689
4.394437 4.114525
4.425157 4.592902
4.456091 4.377961
4.487243 4.465595
4.518611 4.756528
4.550199 4.451701
4.582008 4.877580
4.614039 4.532495
4.646294 4.768398
4.678774 4.418368
4.711482 4.799724
4.744418 4.850912
4.777585 4.693694
4.810983 4.804484
4.844615 4.802901
4.878481 4.743088
4.912585 5.504968
4.946927 5.094171
4.981509 4.893284
5.016333 5.454604
5.051401 5.409171
5.086713 5.522118
5.122272 5.507915
5.158080 5.119257
5.194138 5.326449
5.230449 5.194949
5.267013 5.589933
5.303833 5.412608
5.340909 5.398113
5.378246 5.339108
5.415843 5.342441
5.453703 5.526123
5.491828 5.505800
5.530219 5.845581
5.568879 6.035011
5.607809 5.965219
5.647011 6.090912
5.686487 6.206169
5.726239 6.030431
5.766269 5.545987
5.806579 5.718130
5.847171 6.621502
5.888046 6.390890
5.929207 6.252957
5.970656 6.650640
6.012394 6.071390
6.054425 6.140943
6.096749 5.859340
6.139369 6.575403
6.182287 6.226379
6.225505 5.983673
6.269025 6.144431
6.312850 5.934266
6.356981 6.544131
6.401420 6.933457
6.446170 6.729363
6.491233 6.859429
6.536611 6.403032
6.582305 6.453536
6.628320 6.596977
6.674656 6.649442
6.721316 6.627312
6.768302 6.878361
6.815617 6.933175
6.863262 6.707675
6.911241 7.208913
6.959555 7.126144
7.008206 6.810650
7.057198 6.329538
7.106532 7.224420
7.156211 6.865549
7.206238 7.363473
7.256614 7.119897
7.307342 7.260449
7.358425 7.471163
7.409865 7.594934
7.461665 7.408973
7.513826 7.853495
7.566352 7.499863
7.619246 7.992299
7.672509 8.050910
7.726145 7.468921
7.780156 7.517027
7.834544 7.474757
7.889312 8.389973
7.944463 7.989905
